0	file:/data/Diego/UNAM/Titulacion/codigo/mio/analisis2/topic_modeling/textos_ids/0345656_A1.txt	0.1712848602011957	0.013944080478287331	0.814771059320517
1	file:/data/Diego/UNAM/Titulacion/codigo/mio/analisis2/topic_modeling/textos_ids/0603306.txt	0.055462820769624534	0.8644365805345975	0.08010059869577797
2	file:/data/Diego/UNAM/Titulacion/codigo/mio/analisis2/topic_modeling/textos_ids/0604231.txt	0.17379399210759444	0.005275026173793992	0.8209309817186116
3	file:/data/Diego/UNAM/Titulacion/codigo/mio/analisis2/topic_modeling/textos_ids/0604700.txt	0.2972801095783192	0.021817826044418353	0.6809020643772625
4	file:/data/Diego/UNAM/Titulacion/codigo/mio/analisis2/topic_modeling/textos_ids/0605308.txt	0.7557888466979376	0.06581788399970219	0.1783932693023602
5	file:/data/Diego/UNAM/Titulacion/codigo/mio/analisis2/topic_modeling/textos_ids/0605326.txt	0.3393721415567692	0.022467918831312994	0.6381599396119179
6	file:/data/Diego/UNAM/Titulacion/codigo/mio/analisis2/topic_modeling/textos_ids/0605334.txt	0.7728177105226285	0.032674793330531034	0.1945074961468404
7	file:/data/Diego/UNAM/Titulacion/codigo/mio/analisis2/topic_modeling/textos_ids/0605505.txt	0.027763485121344654	0.9383629191321499	0.03387359574650544
8	file:/data/Diego/UNAM/Titulacion/codigo/mio/analisis2/topic_modeling/textos_ids/0606395.txt	0.023609238211434323	0.8858066311350842	0.09058413065348146
9	file:/data/Diego/UNAM/Titulacion/codigo/mio/analisis2/topic_modeling/textos_ids/0606600.txt	0.2968649078352462	0.005763402394793064	0.6973716897699608
10	file:/data/Diego/UNAM/Titulacion/codigo/mio/analisis2/topic_modeling/textos_ids/0607538.txt	0.22480167421034702	0.1996885190052076	0.5755098067844454
11	file:/data/Diego/UNAM/Titulacion/codigo/mio/analisis2/topic_modeling/textos_ids/0608369.txt	0.626737290053873	0.019376160079677667	0.35388654986644935
12	file:/data/Diego/UNAM/Titulacion/codigo/mio/analisis2/topic_modeling/textos_ids/0608782.txt	0.17563395427897457	0.03711797967183544	0.7872480660491901
13	file:/data/Diego/UNAM/Titulacion/codigo/mio/analisis2/topic_modeling/textos_ids/0608990.txt	0.7496780236506264	0.11163798150099519	0.1386839948483784
14	file:/data/Diego/UNAM/Titulacion/codigo/mio/analisis2/topic_modeling/textos_ids/0609028.txt	0.27981384525887143	0.009942355492093711	0.7102437992490349
15	file:/data/Diego/UNAM/Titulacion/codigo/mio/analisis2/topic_modeling/textos_ids/0609650.txt	0.2583063873658559	0.044050799006513895	0.6976428136276301
16	file:/data/Diego/UNAM/Titulacion/codigo/mio/analisis2/topic_modeling/textos_ids/0610004.txt	0.33212202781516376	0.036563481381785556	0.6313144908030507
17	file:/data/Diego/UNAM/Titulacion/codigo/mio/analisis2/topic_modeling/textos_ids/0610033.txt	0.6223897001099074	0.01749097189511697	0.36011932799497565
18	file:/data/Diego/UNAM/Titulacion/codigo/mio/analisis2/topic_modeling/textos_ids/0610204.txt	0.31828789910124633	0.01082476786334972	0.670887333035404
19	file:/data/Diego/UNAM/Titulacion/codigo/mio/analisis2/topic_modeling/textos_ids/0610357.txt	0.27212518195050944	0.007605531295487628	0.7202692867540029
20	file:/data/Diego/UNAM/Titulacion/codigo/mio/analisis2/topic_modeling/textos_ids/0610632.txt	0.6143218525004865	0.19435687877018876	0.19132126872932478
21	file:/data/Diego/UNAM/Titulacion/codigo/mio/analisis2/topic_modeling/textos_ids/0611233.txt	0.26986781334607424	0.12008281573498965	0.6100493709189361
22	file:/data/Diego/UNAM/Titulacion/codigo/mio/analisis2/topic_modeling/textos_ids/0612262.txt	0.9034423301927458	0.03359196994888848	0.06296569985836566
23	file:/data/Diego/UNAM/Titulacion/codigo/mio/analisis2/topic_modeling/textos_ids/0612272.txt	0.20401859635715194	0.008947904725512674	0.7870334989173353
24	file:/data/Diego/UNAM/Titulacion/codigo/mio/analisis2/topic_modeling/textos_ids/0612675.txt	0.38624968974931745	0.009034499875899727	0.6047158103747828
25	file:/data/Diego/UNAM/Titulacion/codigo/mio/analisis2/topic_modeling/textos_ids/0614376.txt	0.3133894997382074	0.044933123899281266	0.6416773763625113
26	file:/data/Diego/UNAM/Titulacion/codigo/mio/analisis2/topic_modeling/textos_ids/0614711.txt	0.3835407116350142	0.02188386815105872	0.5945754202139271
27	file:/data/Diego/UNAM/Titulacion/codigo/mio/analisis2/topic_modeling/textos_ids/0615202.txt	0.7572634025567178	0.06861704815320095	0.17411954929008136
28	file:/data/Diego/UNAM/Titulacion/codigo/mio/analisis2/topic_modeling/textos_ids/0615389.txt	0.18347481607243918	0.04629315223542728	0.7702320316921336
29	file:/data/Diego/UNAM/Titulacion/codigo/mio/analisis2/topic_modeling/textos_ids/0615718.txt	0.08102997799779978	0.7126306380638064	0.20633938393839385
30	file:/data/Diego/UNAM/Titulacion/codigo/mio/analisis2/topic_modeling/textos_ids/0615729.txt	0.06804843622316321	0.8768293588886413	0.05512220488819553
31	file:/data/Diego/UNAM/Titulacion/codigo/mio/analisis2/topic_modeling/textos_ids/0616257.txt	0.808135457369001	0.033714056707744716	0.15815048592325417
32	file:/data/Diego/UNAM/Titulacion/codigo/mio/analisis2/topic_modeling/textos_ids/0618425.txt	0.334053638742827	0.018992052630315254	0.6469543086268578
33	file:/data/Diego/UNAM/Titulacion/codigo/mio/analisis2/topic_modeling/textos_ids/0619316.txt	0.056386980700032716	0.8500572456656853	0.09355577363428197
34	file:/data/Diego/UNAM/Titulacion/codigo/mio/analisis2/topic_modeling/textos_ids/0619463.txt	0.6734463276836159	0.004923325262308313	0.32163034705407584
35	file:/data/Diego/UNAM/Titulacion/codigo/mio/analisis2/topic_modeling/textos_ids/0621235.txt	0.6029840018835892	0.3259105047275611	0.07110549338884965
36	file:/data/Diego/UNAM/Titulacion/codigo/mio/analisis2/topic_modeling/textos_ids/0621272.txt	0.04242362386881677	0.8983125807988024	0.059263795332380756
37	file:/data/Diego/UNAM/Titulacion/codigo/mio/analisis2/topic_modeling/textos_ids/0621526.txt	0.7792368610511159	0.020619150467962564	0.20014398848092152
38	file:/data/Diego/UNAM/Titulacion/codigo/mio/analisis2/topic_modeling/textos_ids/0623397.txt	0.23140613847251965	0.01256245538900785	0.7560314061384725
39	file:/data/Diego/UNAM/Titulacion/codigo/mio/analisis2/topic_modeling/textos_ids/0624813.txt	0.6556556556556558	0.08178178178178178	0.26256256256256255
40	file:/data/Diego/UNAM/Titulacion/codigo/mio/analisis2/topic_modeling/textos_ids/0626143.txt	0.8123352916999105	0.018398974879717606	0.16926573342037185
41	file:/data/Diego/UNAM/Titulacion/codigo/mio/analisis2/topic_modeling/textos_ids/0626526.txt	0.23157126472734857	0.06375768950057346	0.7046710457720781
42	file:/data/Diego/UNAM/Titulacion/codigo/mio/analisis2/topic_modeling/textos_ids/0627762.txt	0.39502660778985504	0.013657721920289856	0.5913156702898551
43	file:/data/Diego/UNAM/Titulacion/codigo/mio/analisis2/topic_modeling/textos_ids/0627962.txt	0.6882064406056729	0.08359991469396459	0.22819364470036257
44	file:/data/Diego/UNAM/Titulacion/codigo/mio/analisis2/topic_modeling/textos_ids/0628636.txt	0.30131391361306975	0.04411821369398528	0.6545678726929449
45	file:/data/Diego/UNAM/Titulacion/codigo/mio/analisis2/topic_modeling/textos_ids/0628716.txt	0.2778861788617886	0.052590011614401855	0.6695238095238095
46	file:/data/Diego/UNAM/Titulacion/codigo/mio/analisis2/topic_modeling/textos_ids/0629932.txt	0.8512252376044886	0.011651208061376388	0.1371235543341349
47	file:/data/Diego/UNAM/Titulacion/codigo/mio/analisis2/topic_modeling/textos_ids/0630836.txt	0.4767250725702095	0.05106144860630225	0.4722134788234883
48	file:/data/Diego/UNAM/Titulacion/codigo/mio/analisis2/topic_modeling/textos_ids/0632795.txt	0.6781666170979148	0.08720795743696506	0.2346254254651201
49	file:/data/Diego/UNAM/Titulacion/codigo/mio/analisis2/topic_modeling/textos_ids/0632916.txt	0.5603106673006816	0.005864637818988746	0.4338246948803297
50	file:/data/Diego/UNAM/Titulacion/codigo/mio/analisis2/topic_modeling/textos_ids/0635124.txt	0.14385458047429878	0.024677982424461297	0.8314674371012399
51	file:/data/Diego/UNAM/Titulacion/codigo/mio/analisis2/topic_modeling/textos_ids/0635587.txt	0.8147543214917653	0.03463998911120185	0.15060568939703278
52	file:/data/Diego/UNAM/Titulacion/codigo/mio/analisis2/topic_modeling/textos_ids/0635667.txt	0.5835221550855992	0.006010825780463243	0.41046701913393757
53	file:/data/Diego/UNAM/Titulacion/codigo/mio/analisis2/topic_modeling/textos_ids/0636424.txt	0.5808917459925	0.05542506284254337	0.36368319116495657
54	file:/data/Diego/UNAM/Titulacion/codigo/mio/analisis2/topic_modeling/textos_ids/0638042.txt	0.8596256523363586	0.016439478854057443	0.12393486880958407
55	file:/data/Diego/UNAM/Titulacion/codigo/mio/analisis2/topic_modeling/textos_ids/0638048.txt	0.11647388713634771	0.0709428671573782	0.8125832457062742
56	file:/data/Diego/UNAM/Titulacion/codigo/mio/analisis2/topic_modeling/textos_ids/0638784.txt	0.564127489100978	0.34868033462943326	0.08719217626958878
57	file:/data/Diego/UNAM/Titulacion/codigo/mio/analisis2/topic_modeling/textos_ids/0641033.txt	0.20344841129570718	0.05074427555869762	0.7458073131455952
58	file:/data/Diego/UNAM/Titulacion/codigo/mio/analisis2/topic_modeling/textos_ids/0641393.txt	0.6536469891995857	0.08584849829856488	0.26050451250184936
59	file:/data/Diego/UNAM/Titulacion/codigo/mio/analisis2/topic_modeling/textos_ids/0641841.txt	0.5635319053993753	0.028056671128960285	0.4084114234716644
60	file:/data/Diego/UNAM/Titulacion/codigo/mio/analisis2/topic_modeling/textos_ids/0642509.txt	0.6188680969680352	0.031644846573902714	0.34948705645806205
61	file:/data/Diego/UNAM/Titulacion/codigo/mio/analisis2/topic_modeling/textos_ids/0643199.txt	0.6229647916299301	0.009669076588491154	0.36736613178157884
62	file:/data/Diego/UNAM/Titulacion/codigo/mio/analisis2/topic_modeling/textos_ids/0643887.txt	0.6057980926326988	0.022645237281051712	0.3715566700862495
63	file:/data/Diego/UNAM/Titulacion/codigo/mio/analisis2/topic_modeling/textos_ids/0644116.txt	0.8850431118949637	0.00519302371154223	0.10976386439349403
64	file:/data/Diego/UNAM/Titulacion/codigo/mio/analisis2/topic_modeling/textos_ids/0644352.txt	0.5330587537832694	0.02046865736840463	0.446472588848326
65	file:/data/Diego/UNAM/Titulacion/codigo/mio/analisis2/topic_modeling/textos_ids/0644523.txt	0.19309513040856324	0.07839589929142167	0.7285089703000152
66	file:/data/Diego/UNAM/Titulacion/codigo/mio/analisis2/topic_modeling/textos_ids/0645539.txt	0.550908638287279	0.02084889220811551	0.42824246950460537
67	file:/data/Diego/UNAM/Titulacion/codigo/mio/analisis2/topic_modeling/textos_ids/0645613.txt	0.6697175062297678	0.0841659097789888	0.2461165839912434
68	file:/data/Diego/UNAM/Titulacion/codigo/mio/analisis2/topic_modeling/textos_ids/0645807.txt	0.1312040557667934	0.02185044359949303	0.8469455006337137
69	file:/data/Diego/UNAM/Titulacion/codigo/mio/analisis2/topic_modeling/textos_ids/0646061.txt	0.037198781689509984	0.016572605930305472	0.9462286123801845
70	file:/data/Diego/UNAM/Titulacion/codigo/mio/analisis2/topic_modeling/textos_ids/0646356.txt	0.111953216374269	0.042619883040935676	0.8454269005847954
71	file:/data/Diego/UNAM/Titulacion/codigo/mio/analisis2/topic_modeling/textos_ids/0649805.txt	0.42833067234344513	0.03343977292886287	0.5382295547276921
72	file:/data/Diego/UNAM/Titulacion/codigo/mio/analisis2/topic_modeling/textos_ids/0650836.txt	0.1185641600149372	0.39037483078933854	0.4910610091957242
73	file:/data/Diego/UNAM/Titulacion/codigo/mio/analisis2/topic_modeling/textos_ids/0650966.txt	0.7552321156773212	0.016362252663622526	0.22840563165905634
74	file:/data/Diego/UNAM/Titulacion/codigo/mio/analisis2/topic_modeling/textos_ids/0651849.txt	0.7802104320573092	0.0281620774569062	0.19162749048578465
75	file:/data/Diego/UNAM/Titulacion/codigo/mio/analisis2/topic_modeling/textos_ids/0651949.txt	0.23662400478247872	0.012771392081736908	0.7506046031357843
76	file:/data/Diego/UNAM/Titulacion/codigo/mio/analisis2/topic_modeling/textos_ids/0654181.txt	0.6454425514828199	0.10371135203349968	0.2508460964836804
77	file:/data/Diego/UNAM/Titulacion/codigo/mio/analisis2/topic_modeling/textos_ids/0654778.txt	0.2498452491488703	0.0017022593624264934	0.7484524914887032
78	file:/data/Diego/UNAM/Titulacion/codigo/mio/analisis2/topic_modeling/textos_ids/0655349.txt	0.30106076950737143	0.01721503056454513	0.6817241999280834
79	file:/data/Diego/UNAM/Titulacion/codigo/mio/analisis2/topic_modeling/textos_ids/0656172.txt	0.38725141202714886	0.021026152166690397	0.5917224358061608
80	file:/data/Diego/UNAM/Titulacion/codigo/mio/analisis2/topic_modeling/textos_ids/0656183.txt	0.12152566443497666	0.10524447149523229	0.7732298640697911
81	file:/data/Diego/UNAM/Titulacion/codigo/mio/analisis2/topic_modeling/textos_ids/0657628.txt	0.9006664840682919	0.037341367661827815	0.0619921482698804
82	file:/data/Diego/UNAM/Titulacion/codigo/mio/analisis2/topic_modeling/textos_ids/0657687.txt	0.13627739614000656	0.007523716061498201	0.8561988877984952
83	file:/data/Diego/UNAM/Titulacion/codigo/mio/analisis2/topic_modeling/textos_ids/0657762.txt	0.7320328863046672	0.008596705117384102	0.25937040857794863
84	file:/data/Diego/UNAM/Titulacion/codigo/mio/analisis2/topic_modeling/textos_ids/0658130.txt	0.8591526388550053	0.03303651297064324	0.10781084817435148
85	file:/data/Diego/UNAM/Titulacion/codigo/mio/analisis2/topic_modeling/textos_ids/0658176.txt	0.22611212248517948	0.08187462073472436	0.6920132567800962
86	file:/data/Diego/UNAM/Titulacion/codigo/mio/analisis2/topic_modeling/textos_ids/0658780.txt	0.846557447264161	0.04507977299496734	0.1083627797408716
87	file:/data/Diego/UNAM/Titulacion/codigo/mio/analisis2/topic_modeling/textos_ids/0660010.txt	0.607036843024271	0.006460625109132181	0.38650253186659683
88	file:/data/Diego/UNAM/Titulacion/codigo/mio/analisis2/topic_modeling/textos_ids/0660550.txt	0.731800766283525	0.024038209205899334	0.24416102451057578
89	file:/data/Diego/UNAM/Titulacion/codigo/mio/analisis2/topic_modeling/textos_ids/0661224.txt	0.33070387030879894	0.10950300975726363	0.5597931199339374
90	file:/data/Diego/UNAM/Titulacion/codigo/mio/analisis2/topic_modeling/textos_ids/0662860.txt	0.1944884580731351	0.04396184795103614	0.7615496939758288
91	file:/data/Diego/UNAM/Titulacion/codigo/mio/analisis2/topic_modeling/textos_ids/0663681.txt	0.7792705340270767	0.030105355802334914	0.19062411017058836
92	file:/data/Diego/UNAM/Titulacion/codigo/mio/analisis2/topic_modeling/textos_ids/0663796.txt	0.8915418037113737	0.015430218865472856	0.09302797742315344
93	file:/data/Diego/UNAM/Titulacion/codigo/mio/analisis2/topic_modeling/textos_ids/0663925.txt	0.7989752228539342	0.06776865304976486	0.13325612409630097
94	file:/data/Diego/UNAM/Titulacion/codigo/mio/analisis2/topic_modeling/textos_ids/0610285.txt	0.3917506532288167	0.0318682344158268	0.5763811123553565
95	file:/data/Diego/UNAM/Titulacion/codigo/mio/analisis2/topic_modeling/textos_ids/0622595.txt	0.05749315160018707	0.5947751720451661	0.34773167635464686
96	file:/data/Diego/UNAM/Titulacion/codigo/mio/analisis2/topic_modeling/textos_ids/0638953.txt	0.56701652792858	0.06394016166003136	0.36904331041138855
97	file:/data/Diego/UNAM/Titulacion/codigo/mio/analisis2/topic_modeling/textos_ids/0651972.txt	0.6098866584733034	0.02012836269288543	0.3699849788338113
98	file:/data/Diego/UNAM/Titulacion/codigo/mio/analisis2/topic_modeling/textos_ids/0664580.txt	0.4055510644031258	0.020864611002040265	0.5735843245948339
99	file:/data/Diego/UNAM/Titulacion/codigo/mio/analisis2/topic_modeling/textos_ids/0678191_A1.txt	0.18245984642725413	0.06416188847533782	0.753378265097408
100	file:/data/Diego/UNAM/Titulacion/codigo/mio/analisis2/topic_modeling/textos_ids/0690270.txt	0.4500118095623714	0.05007254445456693	0.49991564598306176
101	file:/data/Diego/UNAM/Titulacion/codigo/mio/analisis2/topic_modeling/textos_ids/0703374.txt	0.8025293586269197	0.04290876242095754	0.15456187895212287
102	file:/data/Diego/UNAM/Titulacion/codigo/mio/analisis2/topic_modeling/textos_ids/0717058.txt	0.5349103652783394	0.025609920474457475	0.4394797142472031
103	file:/data/Diego/UNAM/Titulacion/codigo/mio/analisis2/topic_modeling/textos_ids/0723274.txt	0.035936468216730966	0.8872554130608556	0.07680811872241337
104	file:/data/Diego/UNAM/Titulacion/codigo/mio/analisis2/topic_modeling/textos_ids/0724377.txt	0.045702984537935996	0.8967277957569219	0.05756921970514203
105	file:/data/Diego/UNAM/Titulacion/codigo/mio/analisis2/topic_modeling/textos_ids/0729792.txt	0.24871246335472624	0.041676570794707234	0.7096109658505666
106	file:/data/Diego/UNAM/Titulacion/codigo/mio/analisis2/topic_modeling/textos_ids/0741744.txt	0.5106959580234101	0.04953006976878279	0.43977397220780723
107	file:/data/Diego/UNAM/Titulacion/codigo/mio/analisis2/topic_modeling/textos_ids/0748506.txt	0.7194406856111863	0.09021199819576003	0.19034731619305367
108	file:/data/Diego/UNAM/Titulacion/codigo/mio/analisis2/topic_modeling/textos_ids/0755721.txt	0.26668055266263974	0.04953829063389572	0.6837811567034646
109	file:/data/Diego/UNAM/Titulacion/codigo/mio/analisis2/topic_modeling/textos_ids/0767425.txt	0.5966989594546107	0.02767312522425547	0.3756279153211338
110	file:/data/Diego/UNAM/Titulacion/codigo/mio/analisis2/topic_modeling/textos_ids/0777460.txt	0.15780377024800032	0.023714779532939427	0.8184814502190603
111	file:/data/Diego/UNAM/Titulacion/codigo/mio/analisis2/topic_modeling/textos_ids/0788573.txt	0.259352352226551	0.05688911231201039	0.6837585354614386
112	file:/data/Diego/UNAM/Titulacion/codigo/mio/analisis2/topic_modeling/textos_ids/0800073.txt	0.1734710024527257	0.014083392673471003	0.8124456048738034
113	file:/data/Diego/UNAM/Titulacion/codigo/mio/analisis2/topic_modeling/textos_ids/0809996.txt	0.6102525307107605	0.022010879354443603	0.3677365899347959
114	file:/data/Diego/UNAM/Titulacion/codigo/mio/analisis2/topic_modeling/textos_ids/0812794.txt	0.29023487988590274	0.034986852074698045	0.6747782680393992
115	file:/data/Diego/UNAM/Titulacion/codigo/mio/analisis2/topic_modeling/textos_ids/0824040.txt	0.5738414391653216	0.013381055980536646	0.41277750485414183
116	file:/data/Diego/UNAM/Titulacion/codigo/mio/analisis2/topic_modeling/textos_ids/0833110.txt	0.12372335321132359	0.051956953869353624	0.8243196929193227
117	file:/data/Diego/UNAM/Titulacion/codigo/mio/analisis2/topic_modeling/textos_ids/0665312.txt	0.5948920484465507	0.04007372301211164	0.36503422854133755
118	file:/data/Diego/UNAM/Titulacion/codigo/mio/analisis2/topic_modeling/textos_ids/0665553.txt	0.6405190780553942	0.10850280844470268	0.2509781134999031
119	file:/data/Diego/UNAM/Titulacion/codigo/mio/analisis2/topic_modeling/textos_ids/0668451_A1.txt	0.48134315085547613	0.024188098032938497	0.49446875111158545
120	file:/data/Diego/UNAM/Titulacion/codigo/mio/analisis2/topic_modeling/textos_ids/0668756_A1.txt	0.4344006132437054	0.21204080429270594	0.3535585824635887
121	file:/data/Diego/UNAM/Titulacion/codigo/mio/analisis2/topic_modeling/textos_ids/0669183_A1.txt	0.26723264507563843	0.10833944729762779	0.6244279076267337
122	file:/data/Diego/UNAM/Titulacion/codigo/mio/analisis2/topic_modeling/textos_ids/0669771_A1.txt	0.2727646665638336	0.013085505681526041	0.7141498277546403
123	file:/data/Diego/UNAM/Titulacion/codigo/mio/analisis2/topic_modeling/textos_ids/0669831_A1.txt	0.10932200599295334	0.06032467318647305	0.8303533208205736
124	file:/data/Diego/UNAM/Titulacion/codigo/mio/analisis2/topic_modeling/textos_ids/0672112_A1.txt	0.5278616985565626	0.022322927156764014	0.4498153742866734
125	file:/data/Diego/UNAM/Titulacion/codigo/mio/analisis2/topic_modeling/textos_ids/0673859_A1.txt	0.9145594247695461	0.019291265222013965	0.06614931000843993
126	file:/data/Diego/UNAM/Titulacion/codigo/mio/analisis2/topic_modeling/textos_ids/0674294_A1.txt	0.773473152733275	0.009593164384891736	0.21693368288183318
127	file:/data/Diego/UNAM/Titulacion/codigo/mio/analisis2/topic_modeling/textos_ids/0674372_A1.txt	0.6284324822873434	0.02008133148870163	0.35148618622395505
128	file:/data/Diego/UNAM/Titulacion/codigo/mio/analisis2/topic_modeling/textos_ids/0674722_A1.txt	7.723132969034609E-4	0.9991548269581056	7.285974499089253E-5
129	file:/data/Diego/UNAM/Titulacion/codigo/mio/analisis2/topic_modeling/textos_ids/0674921_A1.txt	0.8956578419574809	0.05675892498997192	0.04758323305254713
130	file:/data/Diego/UNAM/Titulacion/codigo/mio/analisis2/topic_modeling/textos_ids/0675656_A1.txt	0.7122322238503943	0.06611541413718512	0.2216523620124206
131	file:/data/Diego/UNAM/Titulacion/codigo/mio/analisis2/topic_modeling/textos_ids/0675808_A1.txt	0.2798908014066259	0.01496853599851934	0.7051406625948546
132	file:/data/Diego/UNAM/Titulacion/codigo/mio/analisis2/topic_modeling/textos_ids/0676189_A1.txt	0.6527003265511179	0.10409444863099723	0.24320522481788495
133	file:/data/Diego/UNAM/Titulacion/codigo/mio/analisis2/topic_modeling/textos_ids/0676418_A1.txt	0.33530732598021074	0.04142917067633923	0.62326350334345
134	file:/data/Diego/UNAM/Titulacion/codigo/mio/analisis2/topic_modeling/textos_ids/0677018_A1.txt	0.3087889025389025	0.12128890253890255	0.569922194922195
135	file:/data/Diego/UNAM/Titulacion/codigo/mio/analisis2/topic_modeling/textos_ids/0678307_A1.txt	0.3197500885313907	0.052031163049526985	0.6282187484190823
136	file:/data/Diego/UNAM/Titulacion/codigo/mio/analisis2/topic_modeling/textos_ids/0678343_A1.txt	0.3265760577439914	0.07087460646548414	0.6025493357905244
137	file:/data/Diego/UNAM/Titulacion/codigo/mio/analisis2/topic_modeling/textos_ids/0679629_A1.txt	0.7714576625663887	0.08236330113651999	0.14617903629709128
138	file:/data/Diego/UNAM/Titulacion/codigo/mio/analisis2/topic_modeling/textos_ids/0679636_A1.txt	0.3724726775956284	0.06960382513661202	0.5579234972677596
139	file:/data/Diego/UNAM/Titulacion/codigo/mio/analisis2/topic_modeling/textos_ids/0680635_A1.txt	0.6680585336493248	0.09848399352969943	0.2334574728209758
140	file:/data/Diego/UNAM/Titulacion/codigo/mio/analisis2/topic_modeling/textos_ids/0680719_A1.txt	0.7830858316988886	0.017465209675912956	0.19944895862519849
141	file:/data/Diego/UNAM/Titulacion/codigo/mio/analisis2/topic_modeling/textos_ids/0680729_A1.txt	0.291626512474569	0.007334832423171646	0.7010386551022594
142	file:/data/Diego/UNAM/Titulacion/codigo/mio/analisis2/topic_modeling/textos_ids/0680884_A1.txt	0.31899570531879745	0.1370333663693426	0.54397092831186
143	file:/data/Diego/UNAM/Titulacion/codigo/mio/analisis2/topic_modeling/textos_ids/0681212_A1.txt	0.815968190295225	0.034906224708821564	0.1491255849959534
144	file:/data/Diego/UNAM/Titulacion/codigo/mio/analisis2/topic_modeling/textos_ids/0681675.txt	0.03193378480060196	0.9264710308502633	0.04159518434913469
145	file:/data/Diego/UNAM/Titulacion/codigo/mio/analisis2/topic_modeling/textos_ids/0686399.txt	0.6870677731673582	0.0723374827109267	0.24059474412171508
146	file:/data/Diego/UNAM/Titulacion/codigo/mio/analisis2/topic_modeling/textos_ids/0687085.txt	0.8904184644887337	0.010821176631737551	0.0987603588795288
147	file:/data/Diego/UNAM/Titulacion/codigo/mio/analisis2/topic_modeling/textos_ids/0687383.txt	0.6393454286730701	0.015866239772323015	0.34478833155460686
148	file:/data/Diego/UNAM/Titulacion/codigo/mio/analisis2/topic_modeling/textos_ids/0688135.txt	0.6828081662347111	0.062428954667394176	0.2547628790978948
149	file:/data/Diego/UNAM/Titulacion/codigo/mio/analisis2/topic_modeling/textos_ids/0689275.txt	0.32446384644700826	0.035720472577348165	0.6398156809756436
150	file:/data/Diego/UNAM/Titulacion/codigo/mio/analisis2/topic_modeling/textos_ids/0689534.txt	0.4083220785902631	0.0599717023602804	0.5317062190494566
151	file:/data/Diego/UNAM/Titulacion/codigo/mio/analisis2/topic_modeling/textos_ids/0689940.txt	0.589255148804594	0.05927336977527469	0.35147148142013146
152	file:/data/Diego/UNAM/Titulacion/codigo/mio/analisis2/topic_modeling/textos_ids/0690159.txt	0.5772963739420763	0.008696327354608277	0.41400729870331543
153	file:/data/Diego/UNAM/Titulacion/codigo/mio/analisis2/topic_modeling/textos_ids/0690834.txt	0.8059985823143717	0.007287790182527025	0.18671362750310116
154	file:/data/Diego/UNAM/Titulacion/codigo/mio/analisis2/topic_modeling/textos_ids/0691557.txt	0.12052663076002394	0.024207061639736686	0.8552663076002394
155	file:/data/Diego/UNAM/Titulacion/codigo/mio/analisis2/topic_modeling/textos_ids/0691665.txt	0.5804433564531484	0.35777913776689785	0.06177750577995376
156	file:/data/Diego/UNAM/Titulacion/codigo/mio/analisis2/topic_modeling/textos_ids/0691686.txt	0.59039848646092	0.20888021757124278	0.2007212959678373
157	file:/data/Diego/UNAM/Titulacion/codigo/mio/analisis2/topic_modeling/textos_ids/0691810.txt	0.17330756269204084	0.01615620973337298	0.8105362275745862
158	file:/data/Diego/UNAM/Titulacion/codigo/mio/analisis2/topic_modeling/textos_ids/0693050.txt	0.1374048295918701	0.1768127307780283	0.6857824396301017
159	file:/data/Diego/UNAM/Titulacion/codigo/mio/analisis2/topic_modeling/textos_ids/0693229.txt	0.35288160965086074	0.02280632237044864	0.6243120679786907
160	file:/data/Diego/UNAM/Titulacion/codigo/mio/analisis2/topic_modeling/textos_ids/0693987.txt	0.8108272506082725	0.03514946124435176	0.15402328814737576
161	file:/data/Diego/UNAM/Titulacion/codigo/mio/analisis2/topic_modeling/textos_ids/0694570.txt	0.7856886496186631	0.02525796321220278	0.18905338716913414
162	file:/data/Diego/UNAM/Titulacion/codigo/mio/analisis2/topic_modeling/textos_ids/0696088.txt	0.21037112849379827	0.13916709311109488	0.6504617783951068
163	file:/data/Diego/UNAM/Titulacion/codigo/mio/analisis2/topic_modeling/textos_ids/0696151.txt	0.07809453288905344	0.8044181167468838	0.1174873503640627
164	file:/data/Diego/UNAM/Titulacion/codigo/mio/analisis2/topic_modeling/textos_ids/0697321.txt	0.2166350990814851	0.09028329361927456	0.6930816072992403
165	file:/data/Diego/UNAM/Titulacion/codigo/mio/analisis2/topic_modeling/textos_ids/0699591.txt	0.2160709793967666	0.03832521552216962	0.7456038050810637
166	file:/data/Diego/UNAM/Titulacion/codigo/mio/analisis2/topic_modeling/textos_ids/0700125.txt	0.6082026639689766	0.02208733771707975	0.3697099983139437
167	file:/data/Diego/UNAM/Titulacion/codigo/mio/analisis2/topic_modeling/textos_ids/0700961.txt	0.6819691258301921	0.057036438700412855	0.2609944354693951
168	file:/data/Diego/UNAM/Titulacion/codigo/mio/analisis2/topic_modeling/textos_ids/0701956.txt	0.2157324266992125	0.028390433847673847	0.7558771394531136
169	file:/data/Diego/UNAM/Titulacion/codigo/mio/analisis2/topic_modeling/textos_ids/0702399.txt	0.696743051135158	0.015568639932102694	0.2876883089327392
170	file:/data/Diego/UNAM/Titulacion/codigo/mio/analisis2/topic_modeling/textos_ids/0702670.txt	0.1030676714622821	0.13732206744309966	0.7596102610946183
171	file:/data/Diego/UNAM/Titulacion/codigo/mio/analisis2/topic_modeling/textos_ids/0702673.txt	0.4586922158779316	0.006742152972676539	0.5345656311493919
172	file:/data/Diego/UNAM/Titulacion/codigo/mio/analisis2/topic_modeling/textos_ids/0703934.txt	0.10648273374808404	0.13292309079433776	0.7605941754575781
173	file:/data/Diego/UNAM/Titulacion/codigo/mio/analisis2/topic_modeling/textos_ids/0704800.txt	0.46566081292769396	0.10404814906422624	0.43029103800807983
174	file:/data/Diego/UNAM/Titulacion/codigo/mio/analisis2/topic_modeling/textos_ids/0704982.txt	0.14159331377256157	0.036898728549835516	0.821507957677603
175	file:/data/Diego/UNAM/Titulacion/codigo/mio/analisis2/topic_modeling/textos_ids/0705006.txt	0.1380670611439842	0.04310386299129264	0.8188290758647232
176	file:/data/Diego/UNAM/Titulacion/codigo/mio/analisis2/topic_modeling/textos_ids/0705158.txt	0.24829122767267095	0.07688531399871605	0.674823458328613
177	file:/data/Diego/UNAM/Titulacion/codigo/mio/analisis2/topic_modeling/textos_ids/0707750.txt	0.7956688322505414	0.026053639846743297	0.1782775279027153
178	file:/data/Diego/UNAM/Titulacion/codigo/mio/analisis2/topic_modeling/textos_ids/0708668.txt	0.8102136752136753	0.05611111111111111	0.13367521367521368
179	file:/data/Diego/UNAM/Titulacion/codigo/mio/analisis2/topic_modeling/textos_ids/0708925.txt	0.6764575444342101	0.06833145703271586	0.25521099853307405
180	file:/data/Diego/UNAM/Titulacion/codigo/mio/analisis2/topic_modeling/textos_ids/0708926.txt	0.6357309392072937	0.02126178793889411	0.34300727285381216
181	file:/data/Diego/UNAM/Titulacion/codigo/mio/analisis2/topic_modeling/textos_ids/0709610.txt	0.645970476760423	0.010422900458807102	0.34360662278077
182	file:/data/Diego/UNAM/Titulacion/codigo/mio/analisis2/topic_modeling/textos_ids/0709683.txt	0.6024317504014682	0.08254186740077998	0.31502638219775175
183	file:/data/Diego/UNAM/Titulacion/codigo/mio/analisis2/topic_modeling/textos_ids/0709691.txt	0.19009536682435985	0.10144927536231883	0.7084553578133214
184	file:/data/Diego/UNAM/Titulacion/codigo/mio/analisis2/topic_modeling/textos_ids/0713809.txt	0.56000820449709	0.0598928287567623	0.38009896674614774
185	file:/data/Diego/UNAM/Titulacion/codigo/mio/analisis2/topic_modeling/textos_ids/0714046.txt	0.20724034975474517	0.09639582000426529	0.6963638302409896
186	file:/data/Diego/UNAM/Titulacion/codigo/mio/analisis2/topic_modeling/textos_ids/0714083.txt	0.5881586203439113	0.027923998596280142	0.3839173810598085
187	file:/data/Diego/UNAM/Titulacion/codigo/mio/analisis2/topic_modeling/textos_ids/0714271.txt	0.7271185047343602	0.020013601476731757	0.25286789378890806
188	file:/data/Diego/UNAM/Titulacion/codigo/mio/analisis2/topic_modeling/textos_ids/0714729.txt	0.7188750714694111	0.02279874213836478	0.2583261863922241
189	file:/data/Diego/UNAM/Titulacion/codigo/mio/analisis2/topic_modeling/textos_ids/0716134.txt	0.2634388297202709	0.4412468212604175	0.29531434901931164
190	file:/data/Diego/UNAM/Titulacion/codigo/mio/analisis2/topic_modeling/textos_ids/0716938.txt	0.2936625514403292	0.026378600823045266	0.6799588477366255
191	file:/data/Diego/UNAM/Titulacion/codigo/mio/analisis2/topic_modeling/textos_ids/0717457.txt	0.3840452194315576	0.0314616328054178	0.5844931477630245
192	file:/data/Diego/UNAM/Titulacion/codigo/mio/analisis2/topic_modeling/textos_ids/0718562.txt	0.04386864261969118	0.8926895951781775	0.0634417622021313
193	file:/data/Diego/UNAM/Titulacion/codigo/mio/analisis2/topic_modeling/textos_ids/0719090.txt	0.025556652407590218	0.8876823516507623	0.08676099594164748
194	file:/data/Diego/UNAM/Titulacion/codigo/mio/analisis2/topic_modeling/textos_ids/0719552.txt	0.02451723789303407	0.8102315236073199	0.16525123849964615
195	file:/data/Diego/UNAM/Titulacion/codigo/mio/analisis2/topic_modeling/textos_ids/0719782.txt	0.03598942936486607	0.018521006897787334	0.9454895637373466
196	file:/data/Diego/UNAM/Titulacion/codigo/mio/analisis2/topic_modeling/textos_ids/0719783.txt	0.05874695988764429	0.8202308772650978	0.1210221628472579
197	file:/data/Diego/UNAM/Titulacion/codigo/mio/analisis2/topic_modeling/textos_ids/0720791.txt	0.7231539545962764	0.02941033493753342	0.24743571046619028
198	file:/data/Diego/UNAM/Titulacion/codigo/mio/analisis2/topic_modeling/textos_ids/0721514.txt	0.30914206337995004	0.4561261006733531	0.2347318359466968
199	file:/data/Diego/UNAM/Titulacion/codigo/mio/analisis2/topic_modeling/textos_ids/0721829.txt	0.0529244667970569	0.8709602309769954	0.07611530222594766
200	file:/data/Diego/UNAM/Titulacion/codigo/mio/analisis2/topic_modeling/textos_ids/0721830.txt	0.7454287006525813	0.017574465335659366	0.2369968340117594
201	file:/data/Diego/UNAM/Titulacion/codigo/mio/analisis2/topic_modeling/textos_ids/0721831.txt	0.02081255402619855	0.8972338586342177	0.08195358733958374
202	file:/data/Diego/UNAM/Titulacion/codigo/mio/analisis2/topic_modeling/textos_ids/0721875.txt	0.04938055931635877	0.8021429299325967	0.14847651075104454
203	file:/data/Diego/UNAM/Titulacion/codigo/mio/analisis2/topic_modeling/textos_ids/0721876.txt	0.6075460745900451	0.25029748947903063	0.1421564359309244
204	file:/data/Diego/UNAM/Titulacion/codigo/mio/analisis2/topic_modeling/textos_ids/0721877.txt	0.19316116839558478	0.4224063632493276	0.38443246835508754
205	file:/data/Diego/UNAM/Titulacion/codigo/mio/analisis2/topic_modeling/textos_ids/0722160.txt	0.41301117023826645	0.0044105661824632054	0.5825782635792703
206	file:/data/Diego/UNAM/Titulacion/codigo/mio/analisis2/topic_modeling/textos_ids/0722256.txt	0.2203206296384333	0.02120803951086813	0.7584713308506985
207	file:/data/Diego/UNAM/Titulacion/codigo/mio/analisis2/topic_modeling/textos_ids/0722431.txt	0.1684609250398724	0.1399920255183413	0.6915470494417862
208	file:/data/Diego/UNAM/Titulacion/codigo/mio/analisis2/topic_modeling/textos_ids/0723182.txt	0.3142620232172471	0.07776593224354418	0.6079720445392087
209	file:/data/Diego/UNAM/Titulacion/codigo/mio/analisis2/topic_modeling/textos_ids/0723240.txt	0.2955341869695913	0.18353179545945228	0.5209340175709564
210	file:/data/Diego/UNAM/Titulacion/codigo/mio/analisis2/topic_modeling/textos_ids/0723275.txt	0.02897044044772499	0.9372769172124614	0.033752642339813566
211	file:/data/Diego/UNAM/Titulacion/codigo/mio/analisis2/topic_modeling/textos_ids/0723276.txt	0.0657592561474262	0.8079874530891166	0.12625329076345712
212	file:/data/Diego/UNAM/Titulacion/codigo/mio/analisis2/topic_modeling/textos_ids/0723622.txt	0.10093478499945013	0.15814362696579787	0.7409215880347519
213	file:/data/Diego/UNAM/Titulacion/codigo/mio/analisis2/topic_modeling/textos_ids/0723624.txt	0.05066298208615131	0.0788063898383148	0.8705306280755338
214	file:/data/Diego/UNAM/Titulacion/codigo/mio/analisis2/topic_modeling/textos_ids/0723625.txt	0.037988581466842336	0.9353864734299517	0.026624945103205972
215	file:/data/Diego/UNAM/Titulacion/codigo/mio/analisis2/topic_modeling/textos_ids/0723628.txt	0.1439881335334906	0.1797483737222103	0.6762634927442991
216	file:/data/Diego/UNAM/Titulacion/codigo/mio/analisis2/topic_modeling/textos_ids/0723630.txt	0.10466171617161715	0.07186468646864685	0.823473597359736
217	file:/data/Diego/UNAM/Titulacion/codigo/mio/analisis2/topic_modeling/textos_ids/0723631.txt	0.417041088754314	0.1263593149703718	0.4565995962753142
218	file:/data/Diego/UNAM/Titulacion/codigo/mio/analisis2/topic_modeling/textos_ids/0723682.txt	0.035459685349065885	0.8840031956735496	0.08053711897738446
219	file:/data/Diego/UNAM/Titulacion/codigo/mio/analisis2/topic_modeling/textos_ids/0723683.txt	0.016519089783871274	0.9451109206893269	0.038369989526801866
220	file:/data/Diego/UNAM/Titulacion/codigo/mio/analisis2/topic_modeling/textos_ids/0723684.txt	0.2403840273955849	0.4175074909802483	0.3421084816241668
221	file:/data/Diego/UNAM/Titulacion/codigo/mio/analisis2/topic_modeling/textos_ids/0723715.txt	0.04136907842528379	0.8975951419797812	0.06103577959493496
222	file:/data/Diego/UNAM/Titulacion/codigo/mio/analisis2/topic_modeling/textos_ids/0723716.txt	0.21738509440968948	0.07632759162453223	0.7062873139657783
223	file:/data/Diego/UNAM/Titulacion/codigo/mio/analisis2/topic_modeling/textos_ids/0723719.txt	0.08359199074919359	0.8141013937070172	0.10230661554378918
224	file:/data/Diego/UNAM/Titulacion/codigo/mio/analisis2/topic_modeling/textos_ids/0723724.txt	0.36674947244704437	0.4310975772631354	0.20215295028982022
225	file:/data/Diego/UNAM/Titulacion/codigo/mio/analisis2/topic_modeling/textos_ids/0723770.txt	0.2549376586119386	0.08222994593401743	0.6628323954540439
226	file:/data/Diego/UNAM/Titulacion/codigo/mio/analisis2/topic_modeling/textos_ids/0723775.txt	0.021801054798770342	0.9300843274952759	0.04811461770595369
227	file:/data/Diego/UNAM/Titulacion/codigo/mio/analisis2/topic_modeling/textos_ids/0723816.txt	0.021578176347151284	0.8853387179791741	0.09308310567367462
228	file:/data/Diego/UNAM/Titulacion/codigo/mio/analisis2/topic_modeling/textos_ids/0724109.txt	0.3195807770961145	0.009611451942740285	0.6708077709611452
229	file:/data/Diego/UNAM/Titulacion/codigo/mio/analisis2/topic_modeling/textos_ids/0724378.txt	0.15036083877995643	0.7283326525054465	0.12130650871459694
230	file:/data/Diego/UNAM/Titulacion/codigo/mio/analisis2/topic_modeling/textos_ids/0724690.txt	0.17583189627642587	0.04247301526473782	0.7816950884588363
231	file:/data/Diego/UNAM/Titulacion/codigo/mio/analisis2/topic_modeling/textos_ids/0724768.txt	0.6053866444536998	0.028960155490767737	0.3656532000555324
232	file:/data/Diego/UNAM/Titulacion/codigo/mio/analisis2/topic_modeling/textos_ids/0725033.txt	0.12540209087253718	0.1302271813429835	0.7443707277844793
233	file:/data/Diego/UNAM/Titulacion/codigo/mio/analisis2/topic_modeling/textos_ids/0725079.txt	0.26005195610872006	0.05160714978093133	0.6883408941103486
234	file:/data/Diego/UNAM/Titulacion/codigo/mio/analisis2/topic_modeling/textos_ids/0725141.txt	0.41641729010806317	0.055694098088113056	0.5278886118038238
235	file:/data/Diego/UNAM/Titulacion/codigo/mio/analisis2/topic_modeling/textos_ids/0725143.txt	0.1751622830837665	0.15910207670623527	0.6657356402099981
236	file:/data/Diego/UNAM/Titulacion/codigo/mio/analisis2/topic_modeling/textos_ids/0725149.txt	0.030924843510342824	0.9203664552501762	0.048708701239481
237	file:/data/Diego/UNAM/Titulacion/codigo/mio/analisis2/topic_modeling/textos_ids/0725150.txt	0.042561140328189216	0.8021955915739862	0.15524326809782454
238	file:/data/Diego/UNAM/Titulacion/codigo/mio/analisis2/topic_modeling/textos_ids/0725346.txt	0.2927991806507524	0.03564957062948082	0.6715512487197668
239	file:/data/Diego/UNAM/Titulacion/codigo/mio/analisis2/topic_modeling/textos_ids/0725358.txt	0.22035064541876528	0.15181790658629896	0.6278314479949357
240	file:/data/Diego/UNAM/Titulacion/codigo/mio/analisis2/topic_modeling/textos_ids/0725621.txt	0.527517146776406	0.010973936899862827	0.4615089163237311
241	file:/data/Diego/UNAM/Titulacion/codigo/mio/analisis2/topic_modeling/textos_ids/0726288.txt	0.20811186132260692	0.03069482354067902	0.7611933151367141
242	file:/data/Diego/UNAM/Titulacion/codigo/mio/analisis2/topic_modeling/textos_ids/0727430.txt	0.32246519139278074	0.02418052463881978	0.6533542839683995
243	file:/data/Diego/UNAM/Titulacion/codigo/mio/analisis2/topic_modeling/textos_ids/0727527.txt	0.27831523527476143	0.04573872984534386	0.6759460348798947
244	file:/data/Diego/UNAM/Titulacion/codigo/mio/analisis2/topic_modeling/textos_ids/0729113.txt	0.22011896149827184	0.04854915199742786	0.7313318865043004
245	file:/data/Diego/UNAM/Titulacion/codigo/mio/analisis2/topic_modeling/textos_ids/0729293.txt	0.8626729241434311	0.024723168000981566	0.11260390785558726
246	file:/data/Diego/UNAM/Titulacion/codigo/mio/analisis2/topic_modeling/textos_ids/0729372.txt	0.23370524813103422	0.03185694428791465	0.7344378075810511
247	file:/data/Diego/UNAM/Titulacion/codigo/mio/analisis2/topic_modeling/textos_ids/0729496.txt	0.6759945638744749	0.024400790709167283	0.2996046454163578
248	file:/data/Diego/UNAM/Titulacion/codigo/mio/analisis2/topic_modeling/textos_ids/0729917.txt	0.28180230824922275	0.0238490694604148	0.6943486222903624
249	file:/data/Diego/UNAM/Titulacion/codigo/mio/analisis2/topic_modeling/textos_ids/0733028.txt	0.6418356499588823	0.00960747738532202	0.3485568726557956
250	file:/data/Diego/UNAM/Titulacion/codigo/mio/analisis2/topic_modeling/textos_ids/0733108.txt	0.22666666666666668	0.04856140350877193	0.7247719298245614
251	file:/data/Diego/UNAM/Titulacion/codigo/mio/analisis2/topic_modeling/textos_ids/0733354.txt	0.09194426762854516	0.12355895042082185	0.784496781950633
252	file:/data/Diego/UNAM/Titulacion/codigo/mio/analisis2/topic_modeling/textos_ids/0734672.txt	0.13050331757029218	0.435353202096851	0.43414348033285677
253	file:/data/Diego/UNAM/Titulacion/codigo/mio/analisis2/topic_modeling/textos_ids/0735099.txt	0.7720794200032954	0.014046795188663702	0.21387378480804087
254	file:/data/Diego/UNAM/Titulacion/codigo/mio/analisis2/topic_modeling/textos_ids/0735351.txt	0.3430898558299577	0.03798074829043077	0.6189293958796115
255	file:/data/Diego/UNAM/Titulacion/codigo/mio/analisis2/topic_modeling/textos_ids/0735644.txt	0.19592493014919077	0.07375191101270494	0.7303231588381043
256	file:/data/Diego/UNAM/Titulacion/codigo/mio/analisis2/topic_modeling/textos_ids/0736348.txt	0.19878495488251585	0.029594389350486913	0.7716206557669972
257	file:/data/Diego/UNAM/Titulacion/codigo/mio/analisis2/topic_modeling/textos_ids/0736408.txt	0.450458340631751	0.005371635429438898	0.5441700239388101
