0	file:/data/Diego/UNAM/Titulacion/codigo/mio/analisis2/topic_modeling/textos_individuales/001.txt	0.025616578140340403	0.9628547886390578	0.008197002059378724	0.0033316311612228396
1	file:/data/Diego/UNAM/Titulacion/codigo/mio/analisis2/topic_modeling/textos_individuales/002.txt	7.84007508315893E-5	0.045030855488980864	0.95247094058963	0.0024198031705575645
2	file:/data/Diego/UNAM/Titulacion/codigo/mio/analisis2/topic_modeling/textos_individuales/003.txt	2.1345063994975175E-5	0.9920513864236336	0.007526314768038886	4.009537443325999E-4
3	file:/data/Diego/UNAM/Titulacion/codigo/mio/analisis2/topic_modeling/textos_individuales/004.txt	0.0729454998211604	0.8660703445201496	0.013253299546022468	0.04773085611266759
4	file:/data/Diego/UNAM/Titulacion/codigo/mio/analisis2/topic_modeling/textos_individuales/005.txt	0.030621666519947376	0.4341559176682062	0.044049738616356325	0.4911726771954902
5	file:/data/Diego/UNAM/Titulacion/codigo/mio/analisis2/topic_modeling/textos_individuales/006.txt	0.0646363037427931	0.7742768694109632	0.009217415160597117	0.1518694116856467
6	file:/data/Diego/UNAM/Titulacion/codigo/mio/analisis2/topic_modeling/textos_individuales/007.txt	0.02731721868327252	0.1729626834047018	0.01607318996112301	0.7836469079509027
7	file:/data/Diego/UNAM/Titulacion/codigo/mio/analisis2/topic_modeling/textos_individuales/008.txt	7.55857478138662E-5	0.010848730476719843	0.9885412412899075	5.344424855588733E-4
8	file:/data/Diego/UNAM/Titulacion/codigo/mio/analisis2/topic_modeling/textos_individuales/009.txt	0.008036875816993664	0.014579929627689683	0.9773627744364152	2.042011890150705E-5
9	file:/data/Diego/UNAM/Titulacion/codigo/mio/analisis2/topic_modeling/textos_individuales/010.txt	0.0018153347659920843	0.9815394656920312	4.9331281165238796E-5	0.016595868260811525
10	file:/data/Diego/UNAM/Titulacion/codigo/mio/analisis2/topic_modeling/textos_individuales/011.txt	0.19566347520671307	0.562717162993736	0.17500047907436256	0.06661888272518844
11	file:/data/Diego/UNAM/Titulacion/codigo/mio/analisis2/topic_modeling/textos_individuales/012.txt	0.02278284250238052	0.4848323264290937	0.013591788318107659	0.4787930427504182
12	file:/data/Diego/UNAM/Titulacion/codigo/mio/analisis2/topic_modeling/textos_individuales/013.txt	0.26490654721811063	0.6682040955395946	0.045589830713979713	0.021299526528315064
13	file:/data/Diego/UNAM/Titulacion/codigo/mio/analisis2/topic_modeling/textos_individuales/014.txt	3.1058055194047086E-5	0.241034120898569	0.13007134971746634	0.6288634713287707
14	file:/data/Diego/UNAM/Titulacion/codigo/mio/analisis2/topic_modeling/textos_individuales/015.txt	0.005085042826621444	0.9627309802080317	0.011904886942509362	0.020279090022837506
15	file:/data/Diego/UNAM/Titulacion/codigo/mio/analisis2/topic_modeling/textos_individuales/016.txt	0.5531607474388094	0.27034031707205336	0.027799512253589165	0.14869942323554808
16	file:/data/Diego/UNAM/Titulacion/codigo/mio/analisis2/topic_modeling/textos_individuales/017.txt	0.036513620772566695	0.8572954210459633	0.03182166659355066	0.07436929158791937
17	file:/data/Diego/UNAM/Titulacion/codigo/mio/analisis2/topic_modeling/textos_individuales/018.txt	0.009148865697602634	0.8296107696711055	0.003985311622006389	0.15725505300928555
18	file:/data/Diego/UNAM/Titulacion/codigo/mio/analisis2/topic_modeling/textos_individuales/019.txt	0.05597261281546204	0.9335149131685877	0.002727516657283154	0.007784957358667219
19	file:/data/Diego/UNAM/Titulacion/codigo/mio/analisis2/topic_modeling/textos_individuales/020.txt	0.005054225015615766	0.9064188871384001	0.037488272176187616	0.05103861566979652
20	file:/data/Diego/UNAM/Titulacion/codigo/mio/analisis2/topic_modeling/textos_individuales/021.txt	0.24709170471998598	0.6959879795700215	9.055593576142725E-4	0.056014756352378375
21	file:/data/Diego/UNAM/Titulacion/codigo/mio/analisis2/topic_modeling/textos_individuales/022.txt	0.1821413193029226	0.10200869415705378	0.13762016634233268	0.578229820197691
22	file:/data/Diego/UNAM/Titulacion/codigo/mio/analisis2/topic_modeling/textos_individuales/023.txt	0.1189326759466974	0.6452794654582139	0.13329362500458208	0.10249423359050659
23	file:/data/Diego/UNAM/Titulacion/codigo/mio/analisis2/topic_modeling/textos_individuales/024.txt	1.6246525079034648E-5	0.11349431853233774	0.01629770371222875	0.8701917312303545
24	file:/data/Diego/UNAM/Titulacion/codigo/mio/analisis2/topic_modeling/textos_individuales/281.txt	0.05173796905746038	0.21821981726264006	0.02861243866829643	0.7014297750116031
25	file:/data/Diego/UNAM/Titulacion/codigo/mio/analisis2/topic_modeling/textos_individuales/282.txt	3.086823795431297E-5	0.9497395014535235	5.7781826848243365E-5	0.050171848481674046
26	file:/data/Diego/UNAM/Titulacion/codigo/mio/analisis2/topic_modeling/textos_individuales/283.txt	6.17707972156337E-4	0.6471570821117825	0.001527848949777003	0.35069736096628423
27	file:/data/Diego/UNAM/Titulacion/codigo/mio/analisis2/topic_modeling/textos_individuales/284.txt	0.01173341937743946	0.4385813603153926	0.0025674210382908556	0.5471177992688772
28	file:/data/Diego/UNAM/Titulacion/codigo/mio/analisis2/topic_modeling/textos_individuales/285.txt	0.5293331387728817	0.41314044004427625	0.05301044880108057	0.00451597238176149
29	file:/data/Diego/UNAM/Titulacion/codigo/mio/analisis2/topic_modeling/textos_individuales/286.txt	0.009861597140278748	0.561581905772097	7.217290969981178E-4	0.4278347679906262
30	file:/data/Diego/UNAM/Titulacion/codigo/mio/analisis2/topic_modeling/textos_individuales/287.txt	0.16743001125693485	0.6117257311193705	0.09549037968321035	0.12535387794048425
31	file:/data/Diego/UNAM/Titulacion/codigo/mio/analisis2/topic_modeling/textos_individuales/288.txt	0.0012928255782180761	0.5599376336436731	0.03326679149721709	0.4055027492808918
32	file:/data/Diego/UNAM/Titulacion/codigo/mio/analisis2/topic_modeling/textos_individuales/289.txt	0.23016831699451148	0.6340363151097925	0.05818962527910733	0.07760574261658866
33	file:/data/Diego/UNAM/Titulacion/codigo/mio/analisis2/topic_modeling/textos_individuales/290.txt	0.008953831526456147	0.931964423078573	0.011792911877143115	0.04728883351782786
34	file:/data/Diego/UNAM/Titulacion/codigo/mio/analisis2/topic_modeling/textos_individuales/291.txt	2.7155359963566455E-5	0.4947826310475032	5.0831741991197184E-5	0.5051393818505421
35	file:/data/Diego/UNAM/Titulacion/codigo/mio/analisis2/topic_modeling/textos_individuales/292.txt	0.48809976770181934	0.31945580686090885	0.08835079075411034	0.1040936346831614
36	file:/data/Diego/UNAM/Titulacion/codigo/mio/analisis2/topic_modeling/textos_individuales/293.txt	2.2571520954518793E-5	0.8651858055065236	0.06554502676966253	0.06924659620285945
37	file:/data/Diego/UNAM/Titulacion/codigo/mio/analisis2/topic_modeling/textos_individuales/294.txt	0.062153883855620755	0.7441095867239722	0.02958835112326373	0.16414817829714332
38	file:/data/Diego/UNAM/Titulacion/codigo/mio/analisis2/topic_modeling/textos_individuales/295.txt	0.06864152476919508	0.8843001605267864	0.010276560189094527	0.03678175451492407
39	file:/data/Diego/UNAM/Titulacion/codigo/mio/analisis2/topic_modeling/textos_individuales/296.txt	0.19859138455880296	0.6766488767533588	0.03888713095407255	0.08587260773376569
40	file:/data/Diego/UNAM/Titulacion/codigo/mio/analisis2/topic_modeling/textos_individuales/297.txt	9.553438200438685E-4	0.91871223433514	0.06520388895316333	0.01512853289165279
41	file:/data/Diego/UNAM/Titulacion/codigo/mio/analisis2/topic_modeling/textos_individuales/298.txt	6.370842425025847E-4	0.21252258129235052	0.027853611037390213	0.7589867234277566
42	file:/data/Diego/UNAM/Titulacion/codigo/mio/analisis2/topic_modeling/textos_individuales/471.txt	0.07275170433685456	0.10834626518564328	0.802361503581558	0.016540526895944135
43	file:/data/Diego/UNAM/Titulacion/codigo/mio/analisis2/topic_modeling/textos_individuales/472.txt	1.994577920538581E-5	0.6958241416765111	0.0351281070894253	0.2690278054548583
44	file:/data/Diego/UNAM/Titulacion/codigo/mio/analisis2/topic_modeling/textos_individuales/473.txt	2.7976478561590886E-4	0.9452714194734452	0.033201374039075644	0.021247441701863296
45	file:/data/Diego/UNAM/Titulacion/codigo/mio/analisis2/topic_modeling/textos_individuales/474.txt	1.6652315444196677E-4	0.019514112249961895	0.9802739984399668	4.536615562933403E-5
46	file:/data/Diego/UNAM/Titulacion/codigo/mio/analisis2/topic_modeling/textos_individuales/475.txt	0.02687829690729147	0.9407021613392347	0.02409317635411286	0.008326365399361033
47	file:/data/Diego/UNAM/Titulacion/codigo/mio/analisis2/topic_modeling/textos_individuales/476.txt	0.018620665549172567	0.07402413584354758	0.8323369860196751	0.07501821258760488
48	file:/data/Diego/UNAM/Titulacion/codigo/mio/analisis2/topic_modeling/textos_individuales/477.txt	0.25032464618695494	0.7236925614032418	0.006308565076568725	0.01967422733323457
49	file:/data/Diego/UNAM/Titulacion/codigo/mio/analisis2/topic_modeling/textos_individuales/478.txt	0.005416199208229657	0.03248122989162132	0.9620705206136291	3.205028651999434E-5
50	file:/data/Diego/UNAM/Titulacion/codigo/mio/analisis2/topic_modeling/textos_individuales/479.txt	1.829820877296314E-5	0.4484031020717577	0.034193164264837934	0.5173854354546314
51	file:/data/Diego/UNAM/Titulacion/codigo/mio/analisis2/topic_modeling/textos_individuales/480.txt	0.04766859436406009	0.14531454115895273	0.8052812581566001	0.0017356063203871628
52	file:/data/Diego/UNAM/Titulacion/codigo/mio/analisis2/topic_modeling/textos_individuales/481.txt	0.022930660710513206	0.887068621134812	0.048063691771437884	0.04193702638323698
53	file:/data/Diego/UNAM/Titulacion/codigo/mio/analisis2/topic_modeling/textos_individuales/482.txt	6.170370829621738E-4	0.857822793195976	0.010051683283375685	0.1315084864376862
54	file:/data/Diego/UNAM/Titulacion/codigo/mio/analisis2/topic_modeling/textos_individuales/483.txt	1.8592666669242825E-5	0.9406979045510608	0.025277423821006725	0.034006078961263286
55	file:/data/Diego/UNAM/Titulacion/codigo/mio/analisis2/topic_modeling/textos_individuales/484.txt	3.58442307789517E-5	0.8611383075252629	0.1387608425789199	6.500566503837102E-5
56	file:/data/Diego/UNAM/Titulacion/codigo/mio/analisis2/topic_modeling/textos_individuales/485.txt	0.02658756829319883	0.8500292306244428	0.021657553449321545	0.10172564763303683
57	file:/data/Diego/UNAM/Titulacion/codigo/mio/analisis2/topic_modeling/textos_individuales/486.txt	0.03283838499634453	0.595711486683486	0.030231394649676214	0.34121873367049343
58	file:/data/Diego/UNAM/Titulacion/codigo/mio/analisis2/topic_modeling/textos_individuales/487.txt	1.1360216257263946E-4	0.905699990295229	0.09087320283979701	0.0033132047024014696
59	file:/data/Diego/UNAM/Titulacion/codigo/mio/analisis2/topic_modeling/textos_individuales/488.txt	2.2041653767763934E-4	0.9464517248415353	0.023525442615962525	0.02980241600482458
60	file:/data/Diego/UNAM/Titulacion/codigo/mio/analisis2/topic_modeling/textos_individuales/026.txt	0.004344542955425133	0.9155969147458699	3.4708083099455994E-4	0.07971146146771048
61	file:/data/Diego/UNAM/Titulacion/codigo/mio/analisis2/topic_modeling/textos_individuales/027.txt	0.03606132160672573	0.908723403813038	0.035798404022462975	0.01941687055777336
62	file:/data/Diego/UNAM/Titulacion/codigo/mio/analisis2/topic_modeling/textos_individuales/028.txt	0.0021556286205873646	0.8383981637435525	0.017722182205783584	0.14172402543007662
63	file:/data/Diego/UNAM/Titulacion/codigo/mio/analisis2/topic_modeling/textos_individuales/029.txt	2.6776929852864966E-5	0.26415820628166636	0.07805998766388034	0.6577550291246004
64	file:/data/Diego/UNAM/Titulacion/codigo/mio/analisis2/topic_modeling/textos_individuales/030.txt	0.003254311092364355	0.9335064872093046	0.05520886657990742	0.008030335118423736
65	file:/data/Diego/UNAM/Titulacion/codigo/mio/analisis2/topic_modeling/textos_individuales/031.txt	0.002282564031514317	0.1709496951582132	0.8266318178848414	1.3592292543104627E-4
66	file:/data/Diego/UNAM/Titulacion/codigo/mio/analisis2/topic_modeling/textos_individuales/032.txt	1.9681515201280767E-5	0.03361278657509145	0.965218466947578	0.0011490649621294384
67	file:/data/Diego/UNAM/Titulacion/codigo/mio/analisis2/topic_modeling/textos_individuales/033.txt	3.135073882727396E-4	0.24333609843892212	0.03237556614722384	0.7239748280255813
68	file:/data/Diego/UNAM/Titulacion/codigo/mio/analisis2/topic_modeling/textos_individuales/034.txt	0.025121120613627677	0.929219609229553	0.014844238885786027	0.03081503127103332
69	file:/data/Diego/UNAM/Titulacion/codigo/mio/analisis2/topic_modeling/textos_individuales/035.txt	2.1645635043138775E-5	0.05080380851402324	0.9488903941083081	2.8415174262546705E-4
70	file:/data/Diego/UNAM/Titulacion/codigo/mio/analisis2/topic_modeling/textos_individuales/036.txt	0.032027227852418426	0.40434908693619565	0.002697056908873933	0.5609266283025119
71	file:/data/Diego/UNAM/Titulacion/codigo/mio/analisis2/topic_modeling/textos_individuales/037.txt	4.3715809566780655E-5	0.06203491011470406	0.030697247791952435	0.9072241262837766
72	file:/data/Diego/UNAM/Titulacion/codigo/mio/analisis2/topic_modeling/textos_individuales/038.txt	1.7967161836789574E-5	0.014422690575905433	0.9804448006124978	0.0051145416497600064
73	file:/data/Diego/UNAM/Titulacion/codigo/mio/analisis2/topic_modeling/textos_individuales/039.txt	0.0018294116639707262	0.3669661642188698	0.009704002125065279	0.6215004219920942
74	file:/data/Diego/UNAM/Titulacion/codigo/mio/analisis2/topic_modeling/textos_individuales/040.txt	0.042674309574080346	0.2590338530349405	0.6936536230815344	0.004638214309444692
75	file:/data/Diego/UNAM/Titulacion/codigo/mio/analisis2/topic_modeling/textos_individuales/041.txt	0.06384390943910943	0.8945434237362303	0.002197255607284692	0.03941541121737563
76	file:/data/Diego/UNAM/Titulacion/codigo/mio/analisis2/topic_modeling/textos_individuales/042.txt	0.024593084712974875	0.30092606862715215	0.0869314620794954	0.5875493845803776
77	file:/data/Diego/UNAM/Titulacion/codigo/mio/analisis2/topic_modeling/textos_individuales/043.txt	0.00798629578358595	0.19382092138322463	0.016768298167869757	0.7814244846653198
78	file:/data/Diego/UNAM/Titulacion/codigo/mio/analisis2/topic_modeling/textos_individuales/044.txt	0.5629426176396461	0.3568519365127677	0.05199389552267111	0.028211550324915066
79	file:/data/Diego/UNAM/Titulacion/codigo/mio/analisis2/topic_modeling/textos_individuales/045.txt	0.3551034029629975	0.5638992935512729	0.0033647967095547537	0.07763250677617478
80	file:/data/Diego/UNAM/Titulacion/codigo/mio/analisis2/topic_modeling/textos_individuales/118.txt	0.6427567817839598	0.2991337076087052	0.022476964001809728	0.0356325466055252
81	file:/data/Diego/UNAM/Titulacion/codigo/mio/analisis2/topic_modeling/textos_individuales/119.txt	0.30926227859275923	0.5916418106632757	0.04041075758517922	0.058685153158785905
82	file:/data/Diego/UNAM/Titulacion/codigo/mio/analisis2/topic_modeling/textos_individuales/120.txt	0.19802952356651587	0.6535014732634374	0.06262309920397262	0.08584590396607407
83	file:/data/Diego/UNAM/Titulacion/codigo/mio/analisis2/topic_modeling/textos_individuales/121.txt	1.4556816685836528E-5	0.1678150847614784	0.08146845862391337	0.7507018997979225
84	file:/data/Diego/UNAM/Titulacion/codigo/mio/analisis2/topic_modeling/textos_individuales/122.txt	0.019673164510156417	0.8578713945745331	0.08393406201345258	0.03852137890185805
85	file:/data/Diego/UNAM/Titulacion/codigo/mio/analisis2/topic_modeling/textos_individuales/123.txt	0.125712289530792	0.12275819994323903	0.08424437472879402	0.667285135797175
86	file:/data/Diego/UNAM/Titulacion/codigo/mio/analisis2/topic_modeling/textos_individuales/124.txt	2.476614547394555E-5	0.2291906709294738	0.007471690125696152	0.7633128727993561
87	file:/data/Diego/UNAM/Titulacion/codigo/mio/analisis2/topic_modeling/textos_individuales/125.txt	0.006260541597542148	0.938663331021746	6.920882525904265E-4	0.05438403912812149
88	file:/data/Diego/UNAM/Titulacion/codigo/mio/analisis2/topic_modeling/textos_individuales/126.txt	0.4857108610193418	0.3102749941263008	0.11152126642138749	0.09249287843296995
89	file:/data/Diego/UNAM/Titulacion/codigo/mio/analisis2/topic_modeling/textos_individuales/127.txt	1.8645616393765702E-5	0.24638410134620042	0.022290574505664306	0.7313066785317415
90	file:/data/Diego/UNAM/Titulacion/codigo/mio/analisis2/topic_modeling/textos_individuales/128.txt	1.595328580267118E-5	0.008113269927181442	0.9910296236319641	8.411531550518672E-4
91	file:/data/Diego/UNAM/Titulacion/codigo/mio/analisis2/topic_modeling/textos_individuales/129.txt	0.01990936974779914	0.27467922310765047	0.06092887593941799	0.6444825312051325
92	file:/data/Diego/UNAM/Titulacion/codigo/mio/analisis2/topic_modeling/textos_individuales/130.txt	3.630058927680457E-5	0.12832355144221874	0.007871259202380557	0.8637688887661239
93	file:/data/Diego/UNAM/Titulacion/codigo/mio/analisis2/topic_modeling/textos_individuales/131.txt	0.038379026809460134	0.7077349592947594	0.004830283309201436	0.24905573058657918
94	file:/data/Diego/UNAM/Titulacion/codigo/mio/analisis2/topic_modeling/textos_individuales/132.txt	2.4084545207640877E-5	0.47071231746259146	0.08179196854649838	0.44747162944570257
95	file:/data/Diego/UNAM/Titulacion/codigo/mio/analisis2/topic_modeling/textos_individuales/133.txt	0.012425572656300246	0.8728429799623061	0.0419088347054303	0.07282261267596342
96	file:/data/Diego/UNAM/Titulacion/codigo/mio/analisis2/topic_modeling/textos_individuales/134.txt	0.4386736603139975	0.22229311535274568	0.03082982339167262	0.3082034009415842
97	file:/data/Diego/UNAM/Titulacion/codigo/mio/analisis2/topic_modeling/textos_individuales/135.txt	0.32501767194454284	0.2944693669376126	0.0061981717347505015	0.37431478938309404
98	file:/data/Diego/UNAM/Titulacion/codigo/mio/analisis2/topic_modeling/textos_individuales/025.txt	0.0023992208613896294	0.9390275609074751	0.0034621534576117934	0.05511106477352349
99	file:/data/Diego/UNAM/Titulacion/codigo/mio/analisis2/topic_modeling/textos_individuales/046.txt	0.0019477449560652697	0.5227195286446412	0.09170757104191746	0.3836251553573761
100	file:/data/Diego/UNAM/Titulacion/codigo/mio/analisis2/topic_modeling/textos_individuales/080.txt	0.020458117086076033	0.3374758632257846	0.01597311523413259	0.6260929044540068
101	file:/data/Diego/UNAM/Titulacion/codigo/mio/analisis2/topic_modeling/textos_individuales/117.txt	0.028329070380803154	0.7909848938026433	0.14045188255923785	0.04023415325731577
102	file:/data/Diego/UNAM/Titulacion/codigo/mio/analisis2/topic_modeling/textos_individuales/136.txt	0.00766757621654813	0.7885661546832751	0.003282561667586384	0.20048370743259042
103	file:/data/Diego/UNAM/Titulacion/codigo/mio/analisis2/topic_modeling/textos_individuales/155.txt	0.6845338811135684	0.19509165057021055	0.08726961601033319	0.033104852305887875
104	file:/data/Diego/UNAM/Titulacion/codigo/mio/analisis2/topic_modeling/textos_individuales/174.txt	1.8919002895867194E-5	0.8102654491622927	0.02079800221725707	0.16891762961755438
105	file:/data/Diego/UNAM/Titulacion/codigo/mio/analisis2/topic_modeling/textos_individuales/193.txt	0.029879502649960383	0.9330926457344765	0.009349248047462282	0.027678603568100923
106	file:/data/Diego/UNAM/Titulacion/codigo/mio/analisis2/topic_modeling/textos_individuales/211.txt	0.02104345026140448	0.05098048479160573	0.9093562984692188	0.018619766477770992
107	file:/data/Diego/UNAM/Titulacion/codigo/mio/analisis2/topic_modeling/textos_individuales/230.txt	0.07297595075328563	0.8875290905086215	0.026886250012906114	0.01260870872518687
108	file:/data/Diego/UNAM/Titulacion/codigo/mio/analisis2/topic_modeling/textos_individuales/250.txt	2.3042267933819456E-5	0.9361515179048615	0.04814180618908598	0.015683633638118793
109	file:/data/Diego/UNAM/Titulacion/codigo/mio/analisis2/topic_modeling/textos_individuales/280.txt	1.0762020835804264E-5	0.21538775547518837	0.00994360121029043	0.7746578812936853
110	file:/data/Diego/UNAM/Titulacion/codigo/mio/analisis2/topic_modeling/textos_individuales/299.txt	0.08489720454384225	0.14884771784852133	0.07559560890166786	0.6906594687059685
111	file:/data/Diego/UNAM/Titulacion/codigo/mio/analisis2/topic_modeling/textos_individuales/317.txt	2.364639421859339E-5	0.5173944691179645	0.03562607650850037	0.44695580797931656
112	file:/data/Diego/UNAM/Titulacion/codigo/mio/analisis2/topic_modeling/textos_individuales/336.txt	2.07244609560072E-5	0.23692439663447237	0.15631573613689714	0.6067391427676745
113	file:/data/Diego/UNAM/Titulacion/codigo/mio/analisis2/topic_modeling/textos_individuales/355.txt	0.4832844269207046	0.43228501984936724	0.07842478024745905	0.006005772982469137
114	file:/data/Diego/UNAM/Titulacion/codigo/mio/analisis2/topic_modeling/textos_individuales/374.txt	0.010629642144964143	0.93865537585151	0.03363157181800383	0.017083410185521987
115	file:/data/Diego/UNAM/Titulacion/codigo/mio/analisis2/topic_modeling/textos_individuales/393.txt	0.3137848842103106	0.5967656666184876	0.0756890697225331	0.01376037944866871
116	file:/data/Diego/UNAM/Titulacion/codigo/mio/analisis2/topic_modeling/textos_individuales/411.txt	0.2722482308291795	0.6085265603524884	0.08097804594384597	0.038247162874486186
117	file:/data/Diego/UNAM/Titulacion/codigo/mio/analisis2/topic_modeling/textos_individuales/430.txt	0.023211846129242524	0.9051189576802731	0.018769582869689952	0.052899613320794577
118	file:/data/Diego/UNAM/Titulacion/codigo/mio/analisis2/topic_modeling/textos_individuales/450.txt	0.4264523487333156	0.5356493410289641	0.02470040293590854	0.013197907301811784
119	file:/data/Diego/UNAM/Titulacion/codigo/mio/analisis2/topic_modeling/textos_individuales/470.txt	0.021996090703882528	0.8725459810909337	0.08019068928289569	0.025267238922288087
120	file:/data/Diego/UNAM/Titulacion/codigo/mio/analisis2/topic_modeling/textos_individuales/489.txt	0.02569613490726434	0.6057814700940403	0.010214584342063186	0.3583078106566323
121	file:/data/Diego/UNAM/Titulacion/codigo/mio/analisis2/topic_modeling/textos_individuales/137.txt	0.0025429211828801304	0.885985340974101	0.06881623426548947	0.04265550357752951
122	file:/data/Diego/UNAM/Titulacion/codigo/mio/analisis2/topic_modeling/textos_individuales/138.txt	1.1747555895776906E-5	0.7943989939215989	0.0026137432645647	0.2029755152579407
123	file:/data/Diego/UNAM/Titulacion/codigo/mio/analisis2/topic_modeling/textos_individuales/139.txt	0.014765421679983142	0.9611299909920716	0.018980606113311593	0.005123981214633625
124	file:/data/Diego/UNAM/Titulacion/codigo/mio/analisis2/topic_modeling/textos_individuales/140.txt	1.7961685006006345E-5	0.16977717137291512	0.43034418134204705	0.3998606856000319
125	file:/data/Diego/UNAM/Titulacion/codigo/mio/analisis2/topic_modeling/textos_individuales/141.txt	3.134441980647491E-5	0.2547819040575618	0.20290529168871144	0.5422814598339204
126	file:/data/Diego/UNAM/Titulacion/codigo/mio/analisis2/topic_modeling/textos_individuales/142.txt	0.0012143009886763322	0.9602258634395194	0.019948960915970475	0.018610874655833793
127	file:/data/Diego/UNAM/Titulacion/codigo/mio/analisis2/topic_modeling/textos_individuales/143.txt	0.01890973909201001	0.6387112277023047	0.3229657748650449	0.019413258340640463
128	file:/data/Diego/UNAM/Titulacion/codigo/mio/analisis2/topic_modeling/textos_individuales/144.txt	4.1839685720153694E-4	0.950369853222153	0.028886964718721892	0.020324785201923646
129	file:/data/Diego/UNAM/Titulacion/codigo/mio/analisis2/topic_modeling/textos_individuales/145.txt	0.0013263564708703146	0.2018709254847802	0.025066817237126088	0.7717359008072234
130	file:/data/Diego/UNAM/Titulacion/codigo/mio/analisis2/topic_modeling/textos_individuales/146.txt	1.578560409784077E-4	0.31777156213368063	0.018019554708082936	0.664051027117258
131	file:/data/Diego/UNAM/Titulacion/codigo/mio/analisis2/topic_modeling/textos_individuales/147.txt	0.4440780608830034	0.374290870103127	0.11671486292885581	0.06491620608501383
132	file:/data/Diego/UNAM/Titulacion/codigo/mio/analisis2/topic_modeling/textos_individuales/148.txt	1.3051131348231354E-5	0.09316546143571645	0.9067239889657063	9.749846722916414E-5
133	file:/data/Diego/UNAM/Titulacion/codigo/mio/analisis2/topic_modeling/textos_individuales/149.txt	4.986528277264E-4	0.8672481880226138	0.12607421882047243	0.006178940329187307
134	file:/data/Diego/UNAM/Titulacion/codigo/mio/analisis2/topic_modeling/textos_individuales/150.txt	0.005968669744086222	0.9034742980130274	0.03973310010330318	0.05082393213958328
135	file:/data/Diego/UNAM/Titulacion/codigo/mio/analisis2/topic_modeling/textos_individuales/151.txt	0.42296317475662387	0.15969501206008463	0.002566796608079091	0.4147750165752125
136	file:/data/Diego/UNAM/Titulacion/codigo/mio/analisis2/topic_modeling/textos_individuales/152.txt	2.3792797149705374E-5	0.6837262572975975	0.058593104598287885	0.25765684530696503
137	file:/data/Diego/UNAM/Titulacion/codigo/mio/analisis2/topic_modeling/textos_individuales/153.txt	0.006708848288711526	0.9508134923198713	0.0254118378031797	0.017065821588237506
138	file:/data/Diego/UNAM/Titulacion/codigo/mio/analisis2/topic_modeling/textos_individuales/154.txt	0.0023132799847533597	0.90812232263585	0.012791117462339291	0.07677327991705739
139	file:/data/Diego/UNAM/Titulacion/codigo/mio/analisis2/topic_modeling/textos_individuales/156.txt	1.7081714710988483E-5	0.8717882903274219	9.016470219962422E-4	0.12729298093587094
140	file:/data/Diego/UNAM/Titulacion/codigo/mio/analisis2/topic_modeling/textos_individuales/157.txt	0.007450552465254351	0.14906039843448837	0.0410939817200636	0.8023950673801937
141	file:/data/Diego/UNAM/Titulacion/codigo/mio/analisis2/topic_modeling/textos_individuales/158.txt	0.5143127978696003	0.36234320245089996	0.12076065804040934	0.002583341639090455
142	file:/data/Diego/UNAM/Titulacion/codigo/mio/analisis2/topic_modeling/textos_individuales/159.txt	0.3069482157783865	0.5393181122504553	0.07650185953004664	0.07723181244111153
143	file:/data/Diego/UNAM/Titulacion/codigo/mio/analisis2/topic_modeling/textos_individuales/160.txt	0.008565206645171191	0.9491736249288604	0.04101721711355706	0.0012439513124114657
144	file:/data/Diego/UNAM/Titulacion/codigo/mio/analisis2/topic_modeling/textos_individuales/161.txt	7.452102826793019E-4	0.9402843766364231	0.05561335256732508	0.003357060513572648
145	file:/data/Diego/UNAM/Titulacion/codigo/mio/analisis2/topic_modeling/textos_individuales/162.txt	0.32947388597504607	0.5173944773001155	0.0776426787758969	0.07548895794894166
146	file:/data/Diego/UNAM/Titulacion/codigo/mio/analisis2/topic_modeling/textos_individuales/163.txt	1.76690479346934E-5	0.3746129322986557	0.017025038585314074	0.6083443600680954
147	file:/data/Diego/UNAM/Titulacion/codigo/mio/analisis2/topic_modeling/textos_individuales/164.txt	2.2620622573500135E-5	0.18259122079829226	0.051355701518343504	0.7660304570607908
148	file:/data/Diego/UNAM/Titulacion/codigo/mio/analisis2/topic_modeling/textos_individuales/165.txt	1.8049716935580397E-5	0.49020152007463125	0.07804288686198202	0.43173754334645115
149	file:/data/Diego/UNAM/Titulacion/codigo/mio/analisis2/topic_modeling/textos_individuales/166.txt	0.026866186167704247	0.3731531729826478	0.004821249366344979	0.595159391483303
150	file:/data/Diego/UNAM/Titulacion/codigo/mio/analisis2/topic_modeling/textos_individuales/167.txt	0.00719837490977204	0.4734841118695854	0.003784838751437756	0.5155326744692048
151	file:/data/Diego/UNAM/Titulacion/codigo/mio/analisis2/topic_modeling/textos_individuales/168.txt	0.02867898820346232	0.7796972963386309	0.10575261000510895	0.08587110545279787
152	file:/data/Diego/UNAM/Titulacion/codigo/mio/analisis2/topic_modeling/textos_individuales/169.txt	0.021268412958262473	0.8079954741193074	0.13899590098371534	0.03174021193871486
153	file:/data/Diego/UNAM/Titulacion/codigo/mio/analisis2/topic_modeling/textos_individuales/170.txt	1.355033798028423E-5	0.8879458371809558	0.06786365763579774	0.04417695484526629
154	file:/data/Diego/UNAM/Titulacion/codigo/mio/analisis2/topic_modeling/textos_individuales/171.txt	2.8199342169454993E-5	0.854383841711377	0.12623466001971664	0.019353298926736918
155	file:/data/Diego/UNAM/Titulacion/codigo/mio/analisis2/topic_modeling/textos_individuales/172.txt	3.269544270426306E-4	0.7472369014147912	0.03129158519837813	0.22114455895978818
156	file:/data/Diego/UNAM/Titulacion/codigo/mio/analisis2/topic_modeling/textos_individuales/173.txt	3.960282107265842E-6	0.74133794144441	0.012754762970363995	0.24590333530311875
157	file:/data/Diego/UNAM/Titulacion/codigo/mio/analisis2/topic_modeling/textos_individuales/175.txt	1.643129932032756E-4	0.4518435462518924	0.5208689572584858	0.027123183496418582
158	file:/data/Diego/UNAM/Titulacion/codigo/mio/analisis2/topic_modeling/textos_individuales/176.txt	0.0017489819445780706	0.9744836942075394	0.017189187699928634	0.006578136147953864
159	file:/data/Diego/UNAM/Titulacion/codigo/mio/analisis2/topic_modeling/textos_individuales/177.txt	0.010147527171918337	0.8985124880043215	0.023930714058190146	0.06740927076557014
160	file:/data/Diego/UNAM/Titulacion/codigo/mio/analisis2/topic_modeling/textos_individuales/178.txt	2.823086627222154E-5	0.8535822559292697	0.031673503300784056	0.11471600990367412
161	file:/data/Diego/UNAM/Titulacion/codigo/mio/analisis2/topic_modeling/textos_individuales/179.txt	2.0225112023910947E-4	0.031767123407476186	0.9671646192620246	8.660062102601817E-4
162	file:/data/Diego/UNAM/Titulacion/codigo/mio/analisis2/topic_modeling/textos_individuales/180.txt	0.0031175582423909258	0.028736626540382105	0.9681196354502505	2.6179766976585776E-5
163	file:/data/Diego/UNAM/Titulacion/codigo/mio/analisis2/topic_modeling/textos_individuales/181.txt	0.022706822311346173	0.054417248655733046	0.9228274555731004	4.847345982040004E-5
164	file:/data/Diego/UNAM/Titulacion/codigo/mio/analisis2/topic_modeling/textos_individuales/182.txt	0.8785005141012028	0.07750113632001604	0.02981740538592832	0.014180944192852834
165	file:/data/Diego/UNAM/Titulacion/codigo/mio/analisis2/topic_modeling/textos_individuales/183.txt	1.8136755025742784E-5	0.08135046432660221	0.916546536407623	0.0020848625107492
166	file:/data/Diego/UNAM/Titulacion/codigo/mio/analisis2/topic_modeling/textos_individuales/184.txt	0.017862672806984586	0.27054426471708964	0.008323794928179555	0.7032692675477462
167	file:/data/Diego/UNAM/Titulacion/codigo/mio/analisis2/topic_modeling/textos_individuales/185.txt	0.60219545135184	0.19696968776369214	0.06770027234632497	0.13313458853814283
168	file:/data/Diego/UNAM/Titulacion/codigo/mio/analisis2/topic_modeling/textos_individuales/186.txt	0.01752225454135217	0.033059637197868676	0.9451403441377961	0.00427776412298309
169	file:/data/Diego/UNAM/Titulacion/codigo/mio/analisis2/topic_modeling/textos_individuales/187.txt	0.033111361738510585	0.7004043729108322	0.004512983159746878	0.2619712821909103
170	file:/data/Diego/UNAM/Titulacion/codigo/mio/analisis2/topic_modeling/textos_individuales/188.txt	0.010873390939157972	0.016423204291480517	0.972671475779897	3.192898946457105E-5
171	file:/data/Diego/UNAM/Titulacion/codigo/mio/analisis2/topic_modeling/textos_individuales/189.txt	0.011757178317615267	0.09059727936095612	0.8975010414743317	1.4450084709675184E-4
172	file:/data/Diego/UNAM/Titulacion/codigo/mio/analisis2/topic_modeling/textos_individuales/190.txt	0.17184423990803308	0.015162986826130978	0.07484622178663244	0.7381465514792036
173	file:/data/Diego/UNAM/Titulacion/codigo/mio/analisis2/topic_modeling/textos_individuales/191.txt	0.4697054928519381	0.12492010632592111	0.3054196338838573	0.0999547669382835
174	file:/data/Diego/UNAM/Titulacion/codigo/mio/analisis2/topic_modeling/textos_individuales/192.txt	8.885233948784543E-4	0.9798858297005076	0.0010545435030378325	0.018171103401576107
175	file:/data/Diego/UNAM/Titulacion/codigo/mio/analisis2/topic_modeling/textos_individuales/194.txt	0.6043295291362074	0.24474538546034702	0.08424223038104636	0.06668285502239908
176	file:/data/Diego/UNAM/Titulacion/codigo/mio/analisis2/topic_modeling/textos_individuales/195.txt	0.03704388260425217	0.8041648140598151	0.0939182455777309	0.06487305775820185
177	file:/data/Diego/UNAM/Titulacion/codigo/mio/analisis2/topic_modeling/textos_individuales/196.txt	0.21159675297701028	0.44323972899943276	0.20015782672537194	0.14500569129818497
178	file:/data/Diego/UNAM/Titulacion/codigo/mio/analisis2/topic_modeling/textos_individuales/197.txt	3.302352872833984E-4	0.022859369763505787	0.9767770686122464	3.3326336964471285E-5
179	file:/data/Diego/UNAM/Titulacion/codigo/mio/analisis2/topic_modeling/textos_individuales/198.txt	1.8372377368482345E-5	0.017761978467499332	0.982186329745475	3.3319409657283773E-5
180	file:/data/Diego/UNAM/Titulacion/codigo/mio/analisis2/topic_modeling/textos_individuales/199.txt	9.87912014325473E-5	0.09561172242814495	0.9042625725335209	2.6913836901640756E-5
181	file:/data/Diego/UNAM/Titulacion/codigo/mio/analisis2/topic_modeling/textos_individuales/200.txt	0.5003469345489969	0.34528438125904026	0.1204521628679955	0.03391652132396738
182	file:/data/Diego/UNAM/Titulacion/codigo/mio/analisis2/topic_modeling/textos_individuales/201.txt	0.6874273870635451	0.2523295504963103	0.06014831312215179	9.474931799277852E-5
183	file:/data/Diego/UNAM/Titulacion/codigo/mio/analisis2/topic_modeling/textos_individuales/202.txt	2.910948831165074E-5	0.014145361020733252	0.9857727376858165	5.279180513860328E-5
184	file:/data/Diego/UNAM/Titulacion/codigo/mio/analisis2/topic_modeling/textos_individuales/203.txt	0.5391416595454365	0.33542024056684194	0.09598356305073466	0.02945453683698687
185	file:/data/Diego/UNAM/Titulacion/codigo/mio/analisis2/topic_modeling/textos_individuales/204.txt	0.5430029398190093	0.41222377434566115	0.043746018118211626	0.0010272677171180222
186	file:/data/Diego/UNAM/Titulacion/codigo/mio/analisis2/topic_modeling/textos_individuales/205.txt	0.4161821926986007	0.11729003884994427	0.06966986684400599	0.3968579016074491
187	file:/data/Diego/UNAM/Titulacion/codigo/mio/analisis2/topic_modeling/textos_individuales/206.txt	1.6248018362990705E-5	0.043650070495410774	0.9563042147291977	2.9466757028640166E-5
188	file:/data/Diego/UNAM/Titulacion/codigo/mio/analisis2/topic_modeling/textos_individuales/207.txt	2.517887169266332E-5	0.003119468993511181	0.996667253392159	1.8809874263713878E-4
189	file:/data/Diego/UNAM/Titulacion/codigo/mio/analisis2/topic_modeling/textos_individuales/208.txt	0.13909431416064988	0.2730164797602092	0.4315572845865151	0.15633192149262579
190	file:/data/Diego/UNAM/Titulacion/codigo/mio/analisis2/topic_modeling/textos_individuales/209.txt	1.821712417548317E-5	0.025856136501686933	0.9740926085254692	3.303784866850205E-5
191	file:/data/Diego/UNAM/Titulacion/codigo/mio/analisis2/topic_modeling/textos_individuales/210.txt	0.3264134021394089	0.59655974013064	0.07117083852407492	0.005856019205876319
192	file:/data/Diego/UNAM/Titulacion/codigo/mio/analisis2/topic_modeling/textos_individuales/212.txt	0.09077241729413746	0.1332482616305994	0.5017580448788498	0.27422127619641334
193	file:/data/Diego/UNAM/Titulacion/codigo/mio/analisis2/topic_modeling/textos_individuales/213.txt	0.5189027085079553	0.25501610923622636	0.050999150005461014	0.17508203225035734
194	file:/data/Diego/UNAM/Titulacion/codigo/mio/analisis2/topic_modeling/textos_individuales/214.txt	1.486404313679725E-5	0.011259059606837221	0.9886150345266012	1.1104182342493262E-4
195	file:/data/Diego/UNAM/Titulacion/codigo/mio/analisis2/topic_modeling/textos_individuales/215.txt	0.002274358385697996	0.015762003705621235	0.979435023694407	0.002528614214273796
196	file:/data/Diego/UNAM/Titulacion/codigo/mio/analisis2/topic_modeling/textos_individuales/216.txt	0.04544171204276949	0.8160665737719248	0.002352184384512618	0.1361395298007932
197	file:/data/Diego/UNAM/Titulacion/codigo/mio/analisis2/topic_modeling/textos_individuales/217.txt	0.00120378029174707	0.027884598588569336	0.9698000550092237	0.001111566110459927
198	file:/data/Diego/UNAM/Titulacion/codigo/mio/analisis2/topic_modeling/textos_individuales/218.txt	9.027037963385257E-6	0.14573560795044654	0.8221188541344144	0.032136510877175596
199	file:/data/Diego/UNAM/Titulacion/codigo/mio/analisis2/topic_modeling/textos_individuales/219.txt	0.00365290727661525	0.950315863027796	0.03492197282189734	0.011109256873691431
200	file:/data/Diego/UNAM/Titulacion/codigo/mio/analisis2/topic_modeling/textos_individuales/220.txt	0.036636429024786664	0.35214284669381707	0.028492602273888706	0.5827281220075076
201	file:/data/Diego/UNAM/Titulacion/codigo/mio/analisis2/topic_modeling/textos_individuales/221.txt	0.08353925164881944	0.7564223359846227	0.1501916748458732	0.009846737520684684
202	file:/data/Diego/UNAM/Titulacion/codigo/mio/analisis2/topic_modeling/textos_individuales/222.txt	2.0539049813836715E-5	0.9024219021497	0.07614168921870526	0.021415869581781027
203	file:/data/Diego/UNAM/Titulacion/codigo/mio/analisis2/topic_modeling/textos_individuales/223.txt	0.34004841321628354	0.23542887180308564	0.02481793093440359	0.3997047840462273
204	file:/data/Diego/UNAM/Titulacion/codigo/mio/analisis2/topic_modeling/textos_individuales/224.txt	0.39445909883747404	0.4524694716229903	0.13398676554103173	0.01908466399850398
205	file:/data/Diego/UNAM/Titulacion/codigo/mio/analisis2/topic_modeling/textos_individuales/225.txt	2.195751904752866E-5	0.015886877289780596	0.9840513439117844	3.982127938746198E-5
206	file:/data/Diego/UNAM/Titulacion/codigo/mio/analisis2/topic_modeling/textos_individuales/226.txt	0.08127246617547208	0.04771400408023421	0.8709859632952919	2.7566449001861255E-5
207	file:/data/Diego/UNAM/Titulacion/codigo/mio/analisis2/topic_modeling/textos_individuales/227.txt	0.5006270464666065	0.35871082171302876	0.011252826723600116	0.1294093050967646
208	file:/data/Diego/UNAM/Titulacion/codigo/mio/analisis2/topic_modeling/textos_individuales/228.txt	0.4493859466178581	0.2757293457926099	0.08853357022446004	0.186351137365072
209	file:/data/Diego/UNAM/Titulacion/codigo/mio/analisis2/topic_modeling/textos_individuales/229.txt	0.008583500303662553	0.9342250244605117	0.005976726320031672	0.05121474891579413
210	file:/data/Diego/UNAM/Titulacion/codigo/mio/analisis2/topic_modeling/textos_individuales/231.txt	0.017429851305932168	0.842576770904277	0.022554247910968068	0.11743912987882289
211	file:/data/Diego/UNAM/Titulacion/codigo/mio/analisis2/topic_modeling/textos_individuales/232.txt	0.006318178858212752	0.9368063268565244	0.044834683203334405	0.01204081108192846
212	file:/data/Diego/UNAM/Titulacion/codigo/mio/analisis2/topic_modeling/textos_individuales/233.txt	2.129620609279214E-5	0.950145552918691	0.0460599172789841	0.0037732335962321704
213	file:/data/Diego/UNAM/Titulacion/codigo/mio/analisis2/topic_modeling/textos_individuales/234.txt	1.627344625562905E-5	0.1713106265205705	0.01936262027380432	0.8093104797593696
214	file:/data/Diego/UNAM/Titulacion/codigo/mio/analisis2/topic_modeling/textos_individuales/235.txt	0.007554972990717857	0.9229814303946193	0.03366396948528843	0.035799627129374484
215	file:/data/Diego/UNAM/Titulacion/codigo/mio/analisis2/topic_modeling/textos_individuales/236.txt	0.015950600271276243	0.35184087011931936	0.022642426830551555	0.6095661027788529
216	file:/data/Diego/UNAM/Titulacion/codigo/mio/analisis2/topic_modeling/textos_individuales/237.txt	0.03408735958175301	0.8836961710511113	0.03529263592711631	0.0469238334400194
217	file:/data/Diego/UNAM/Titulacion/codigo/mio/analisis2/topic_modeling/textos_individuales/238.txt	5.335187776633553E-4	0.972431251688621	0.02699427903861721	4.0950495098497037E-5
218	file:/data/Diego/UNAM/Titulacion/codigo/mio/analisis2/topic_modeling/textos_individuales/239.txt	0.004209075379696978	0.8687780364336884	3.1973774706350536E-4	0.12669315043955098
219	file:/data/Diego/UNAM/Titulacion/codigo/mio/analisis2/topic_modeling/textos_individuales/240.txt	0.06774497866780693	0.8414904988079276	0.05032475361604021	0.040439768908225295
220	file:/data/Diego/UNAM/Titulacion/codigo/mio/analisis2/topic_modeling/textos_individuales/241.txt	0.5716900846183374	0.30479639422862714	0.11079696716623576	0.012716553986799805
